

TOE еәҸеҲ—еҸ·
1460 550

xilinxзҡ„


зңӢзңӢbuffer tmsе’Ңtdiзҡ„ж•°жҚ®ж јејҸжҳҜд»Җд№Ҳж ·еӯҗзҡ„пјҹ


jtag state 1
1781687001 : Received command: 'shift'
#03 16 00 80 05 00 00 00 00 00 00 00 00 00 00 00 00 00 00 00 00 00 00 00 00 00 00 00 00 00 00 00 00 00 00 00 00 00 00 00 00 00 00 00 00 00 00 00 00 00 00 00 00 00 00 00 00 00 00 00 00 00 00 00 00 00 00 00 00 00 00 00 00 00 00 00 00 00 00 00 00 00 00 00 00 00 00 00 00 00 00 00 00 00 00 00 00 00 00 00 00 00 00 00 00 00 00 00 00 00 00 00 00 00 00 00 00 00 00 00 00 00 00 00 00 00 00 00 00 00 00 00 00 00 00 00 00 00 00 00 00 00 00 00 00 00 00 00 00 00 00 00 00 00 00 00 00 00 00 80 01 20 02 00 70 20 15 00 00 00 00 00 00 00 00 00 00 00 00 00 00 00 00 00 00 00 00 00 00 00 00 00 00 00 00 00 00 00 00 00 00 00 00 00 00 00 00 00 00 00 00 00 00 00 00 00 00 00 00 00 00 00 00 00 00 00 00 00 00 00 00 00 00 00 00 00 00 00 00 00 00 00 00 00 00 00 00 00 00 00 00 00 00 00 00 00 00 00 00 00 00 00 00 00 00 00 00 00 00 00 00 00 00 00 00 00 00 00 00 00 00 00 00 00 00 00 00 00 00 00 00 00 00 00 00 00 00 00 00 00 00 00 00 00 00 00 00 00 00 00 00 00 00 00 00 00 00 00 00 00 00 00
jtag state 1
1781687001 : Received command: 'shift'
#ff 02 00 00 00 00 00 00 00 18 00 f0 0f 00 00 f0 0f 00 00 00
jtag state 1
1781687001 : Received command: 'shift'
#ff 06 1c 00 00 00 c0 00 00 60 00 00 00 00 00 00
jtag state 1
1781687001 : Received command: 'shift'
#03 36 60 01 00 00 00 0c f0 03 03 00 00 00 00 00
jtag state 1
1781687001 : Received command: 'shift'
#03 36 60 01 00 00 00 00 30 f0 03 03 48 03 00 00 00 00
jtag state 1
1781687001 : Received command: 'shift'
#03 36 60 01 0b 00 00 00 00 80 01 f0 03 03 60 40 1a 00 00 00 00 00
jtag state 1



jtag state 1
1781687014 : Received command: 'shift'
#03 16 00 80 05 00 00 00 00 00 00 00 00 00 00 00 00 00 00 00 00 00 00 00 00 00 00 00 00 00 00 00 00 00 00 00 00 00 00 00 00 00 00 00 00 00 00 00 00 00 00 00 00 00 00 00 00 00 00 00 00 00 00 00 00 00 00 00 00 00 00 00 00 00 00 00 00 00 00 00 00 00 00 00 00 00 00 00 00 00 00 00 00 00 00 00 00 00 00 00 00 00 00 00 00 00 00 00 00 00 00 00 00 00 00 00 00 00 00 00 00 00 00 00 00 00 00 00 00 00 00 00 00 00 00 00 00 00 00 00 00 00 00 00 00 00 00 00 00 00 00 00 00 00 00 00 00 00 00 80 01 20 02 00 48 20 15 00 00 00 00 00 00 00 00 00 00 00 00 00 00 00 00 00 00 00 00 00 00 00 00 00 00 00 00 00 00 00 00 00 00 00 00 00 00 00 00 00 00 00 00 00 00 00 00 00 00 00 00 00 00 00 00 00 00 00 00 00 00 00 00 00 00 00 00 00 00 00 00 00 00 00 00 00 00 00 00 00 00 00 00 00 00 00 00 00 00 00 00 00 00 00 00 00 00 00 00 00 00 00 00 00 00 00 00 00 00 00 00 00 00 00 00 00 00 00 00 00 00 00 00 00 00 00 00 00 00 00 00 00 00 00 00 00 00 00 00 00 00 00 00 00 00 00 00 00 00 00 00 00 00 00
jtag state 1
1781687014 : Received command: 'shift'
#03 16 00 80 05 00 00 00 00 00 00 00 00 00 00 00 00 00 00 00 00 00 00 00 00 00 00 00 00 00 00 00 00 00 00 00 00 00 00 00 00 00 00 00 00 00 00 00 00 00 00 00 00 00 00 00 00 00 00 00 00 00 00 00 00 00 00 00 00 00 00 00 00 00 00 00 00 00 00 00 00 00 00 00 00 00 00 00 00 00 00 00 00 00 00 00 00 00 00 00 00 00 00 00 00 00 00 00 00 00 00 00 00 00 00 00 00 00 00 00 00 00 00 00 00 00 00 00 00 00 00 00 00 00 00 00 00 00 00 00 00 00 00 00 00 00 00 00 00 00 00 00 00 00 00 00 00 00 00 80 01 20 02 00 50 20 15 00 00 00 00 00 00 00 00 00 00 00 00 00 00 00 00 00 00 00 00 00 00 00 00 00 00 00 00 00 00 00 00 00 00 00 00 00 00 00 00 00 00 00 00 00 00 00 00 00 00 00 00 00 00 00 00 00 00 00 00 00 00 00 00 00 00 00 00 00 00 00 00 00 00 00 00 00 00 00 00 00 00 00 00 00 00 00 00 00 00 00 00 00 00 00 00 00 00 00 00 00 00 00 00 00 00 00 00 00 00 00 00 00 00 00 00 00 00 00 00 00 00 00 00 00 00 00 00 00 00 00 00 00 00 00 00 00 00 00 00 00 00 00 00 00 00 00 00 00 00 00 00 00 00 00



open_hw_target -xvc_url 192.168.72.34:2542 -jtag_mode on

jtag state 1
1781687055 : Received command: 'shift'
#ff 02 00 00 00 00 00 00 00 18 00 f0 0f 00 00 f0 0f 00 00 00
jtag state 1
1781687055 : Received command: 'shift'
#ff 06 1c 00 00 00 c0 00 00 60 00 00 00 00 00 00
jtag state 1
1781687055 : Received command: 'shift'
#03 36 60 01 00 00 00 0c f0 03 03 00 00 00 00 00
jtag state 1
1781687055 : Received command: 'shift'
#03 36 60 01 00 00 00 00 30 f0 03 03 48 03 00 00 00 00
jtag state 1
1781687055 : Received command: 'shift'
#03 36 60 01 0b 00 00 00 00 80 01 f0 03 03 60 40 1a 00 00 00 00 00
jtag state 1

-------------------------------------------------------------------

xvcе®ўжҲ·з«Ҝжү§иЎҢ: scan_ir_hw_jtag 6 -tdi 09
xvcжңҚеҠЎз«ҜжҺҘж”¶: 1781687110 : Received command: 'shift'
xvcжңҚеҠЎз«ҜжҺҘж”¶: #03 06  90 00
jtag state 1 run_test_idle


еҲҶжһҗпјҡе…¶дёӯ03 06жҳҜtmsеҗ‘йҮҸпјҢ90 00жҳҜTDIеҗ‘йҮҸ

TMSдәҢиҝӣеҲ¶еҗ‘йҮҸ 03(0000 0011), 06(0000 0110) жҺ§еҲ¶JTAGзҠ¶жҖҒжңәзҠ¶жҖҒиҪ¬жҚўпјҢд»Ҙеӯ—иҠӮдёәеҚ•дҪҚпјҢbyte0зҡ„bit0дёәжңҖе…Ҳжү§иЎҢзҡ„
TDIдәҢиҝӣеҲ¶еҗ‘йҮҸ 90(1001 0000), 00(0000 0000) дёәTDIиҫ“е…Ҙзҡ„ж•°жҚ®
                 1001                  00  жҳҜIR shiftе®һйҷ…иҫ“е…Ҙзҡ„ж•°жҚ®09
                 4321                  65  жҳҜIR shiftе®һйҷ…иҫ“е…Ҙзҡ„ж•°жҚ®09 bitйЎәеәҸеәҸеҸ·123456

жҢүз…§еҲҶжһҗжҖ»з»“xvcжңҚеҠЎз«ҜжҺҘж”¶зҡ„shiftж•°жҚ®и§„еҲҷ


scan_dr_hw_jtag 32 -tdi 00000000
1781687120 : Received command: 'shift'
#01 00 00 00 0c  00 00 00 00 00         bufferе°Ҹз«ҜжЁЎејҸ,й«ҳдҪҚеЎ«е……0
jtag state 1 

0000 00 01

0000 11 00

scan_ir_hw_jtag 6 -tdi 02  user1
1781687482 : Received command: 'shift'
#03 06 20 00
jtag state 1

0000 0011 0000 0110
0010 0000 0000 0000

scan_dr_hw_jtag 32 -tdi 00000000
1781687499 : Received command: 'shift'
#01 00 00 00 0c 00 00 00 00 00
jtag state 1

scan_ir_hw_jtag 6 -tdi 03
1781693986 : Received command: 'shift'
#03 06 30 00
jtag state 1

scan_ir_hw_jtag 6 -tdi 04
11
1781694004 : Received command: 'shift'
#03 06 40 00
jtag state 1

scan_ir_hw_jtag 6 -tdi 05
11
1781694023 : Received command: 'shift'
#03 06 50 00
jtag state 1

scan_ir_hw_jtag 6 -tdi 06
11
1781694038 : Received command: 'shift'
#03 06 60 00
jtag state 1

scan_ir_hw_jtag 6 -tdi 07
11
1781694074 : Received command: 'shift'
#03 06 70 00
jtag state 1

1781694093 : Received command: 'shift'
#03 06 a0 00
jtag state 1


scan_ir_hw_jtag 6 -tdi 0b
1781694109 : Received command: 'shift'
#03 06 b0 00
jtag state 1

scan_ir_hw_jtag 6 -tdi 1a
01
1781694128 : Received command: 'shift'
#03 06 a0 01
jtag state 1

0000 0011 0000 0110
1010 0000 0000 0001

scan_ir_hw_jtag 6 -tdi 3b
11

1781694150 : Received command: 'shift'
#03 06 b0 03
jtag state 1

scan_ir_hw_jtag 8 -tdi ab
d1
1781694208 : Received command: 'shift'
#03 18 b0 0a
jtag state 1

scan_ir_hw_jtag 12 -tdi abc
0f11                                  иҝҷйҮҢеҮәжқҘзҡ„еҖјжҳҜд»Җд№Ҳеҗ«д№ү
1781694250 : Received command: 'shift'
#03 80 01 c0 ab 00
jtag state 1

0000 0011 1000 0000 0000 0001         еҰӮдҪ•е®һзҺ°tmsе’ҢtdiзӣёеҜ№еә”зҡ„з®—жі•пјҹйңҖиҰҒеҒҡдёҖе°ҒиЈ…еҮҪж•°пјҢе°Ҷscan_ir/dr -tdo -tdiиҪ¬жҚўжҲҗ shiftж•°з»„пјҢиҝҳиғҪеҸҚеҗ‘жҺЁеҮәshiftж•°з»„еҜ№еә”зҡ„sir/sdrе‘Ҫд»Ө
1100 0000 1010 1011 0000 0000


abc
1010 1011 1100
1111 0001 0001

